-80 -93 -85 -74
-1 28 12 35
-42 -46 -70 37
12 -69 -41 -99
72 75 97 72
-17 81 53 -70
-40 -12 83 -22
38 84 93 -88
-39 27 25 -54
-31 38 -5 21
-84 -1 -30 -52
-75 77 -75 -43
-58 85 -54 -36
-47 -88 66 13
67 5 63 -82
56 -23 -13 25
85 -85 97 82
-1 67 48 86
13 -61 -36 98
32 4 -47 -12
-73 52 -74 -11
88 15 48 3
-64 -44 93 56
-26 -45 53 -50
-54 -13 77 34
76 -100 -91 -26
58 45 -24 94
48 -13 -100 54
-11 40 -65 -85
12 65 -84 2
20 33 67 36
93 -98 -67 -86
44 87 27 28
-43 96 89 -74
-15 -69 76 -15
-78 -58 -55 -46
-92 -94 -40 60
89 8 -76 18
7 52 47 -1
-95 -17 -72 10
-18 -27 35 88
35 46 -81 63
-92 0 -38 -6
-98 1 -69 8
24 -79 30 -68
-38 -13 85 54
10 -69 7 -74
-35 -94 -32 58
3 26 -98 -54
-55 99 63 55
-62 85 -56 -26
19 -21 -92 -12
-46 -85 75 -4
23 34 44 -3
81 -6 -35 -1
-42 74 36 20
21 -92 74 -40
-53 62 -45 -81
-40 -70 83 -46
99 6 -10 49
22 50 -97 10
52 71 -98 47
-11 54 -95 59
80 17 -65 -35
23 -54 -15 76
4 -32 -77 -74
84 -79 -38 38
52 -6 -100 -68
30 19 -60 -64
-21 -90 -31 62
10 15 -22 -38
-15 5 66 88
-23 -38 -33 -4
87 -77 6 66
-17 23 -8 -38
97 71 -35 27
85 39 -42 -72
-54 37 -3 -92
-28 90 -41 50
-53 53 -53 -42
-41 -24 81 49
77 51 -7 -49
59 -32 20 -58
-34 2 -16 -41
11 -82 -48 39
-32 -95 10 -73
-36 -85 -18 1
14 84 -54 -31
-6 -26 -91 -20
-22 100 93 -9
-57 -27 -60 54
3 -92 31 3
-75 21 -17 88
-96 7 -63 -75
86 -36 -3 -16
87 -33 -26 60
68 -42 -19 -91
76 24 -13 -73
81 -14 -18 -72
-88 33 15 55
86 23 5 -88
47 70 9 61
40 77 16 17
-34 -14 76 -79
-21 6 -31 80
-94 92 2 -92
-45 -67 -27 46
-33 14 43 64
-49 -31 77 43
30 -25 81 74
98 -86 58 10
39 22 40 -23
4 38 42 -82
32 17 32 -58
-82 7 -100 -96
18 -43 -7 -59
58 -86 -49 -50
-14 -30 33 95
-17 -29 -63 76
-13 39 47 89
50 -40 12 21
5 89 12 78
74 -39 30 -81
54 -15 -57 55
27 92 92 -21
71 -58 -90 -53
-72 92 37 -72
-5 -75 94 75
15 -65 -1 50
-44 26 27 14
-63 73 12 -28
-69 45 -8 -1
6 -81 -99 85
88 8 49 43
-12 -38 -40 1
18 24 -5 -7
63 35 -11 -78
10 56 86 61
77 -7 -58 -8
18 -50 -59 -89
98 46 -69 78
60 -55 4 31
95 14 76 82
-57 -8 92 -28
-5 -90 8 -91
-38 -16 -28 -72
24 48 55 63
-19 -87 -91 44
21 -52 -89 -32
39 2 -49 13
50 -15 67 -92
16 -100 26 -61
-81 -65 89 -68
89 -36 -29 -4
-69 -23 14 -4
-75 -100 -80 -73
-37 -41 2 -72
-13 80 45 21
-62 10 -8 -98
40 -3 -23 -92
-70 32 -59 -99
-53 88 6 -39
-70 65 21 -98
28 -74 -45 63
-66 -51 -85 89
6 86 -99 -51
41 -11 -52 -49
36 -17 44 -33
51 49 37 -9
-59 -27 -1 64
-14 -12 52 99
-28 76 -12 66
54 -56 -72 19
-69 100 -99 59
-87 -87 9 14
-26 6 -43 -86
98 32 53 75
-79 -77 -84 -41
-34 -90 -9 81
-49 -15 -86 21
-51 -50 29 79
-51 25 -50 -43
69 38 -90 -12
25 91 62 -12
-68 2 -100 -3
-76 -34 -21 -51
-1 95 20 59
54 76 -81 42
2 -6 -29 -13
63 -68 41 -2
7 11 -84 -9
42 91 -82 94
-20 27 68 15
8 -32 -86 51
95 33 20 -73
-93 -46 -20 -64
32 52 15 97
58 50 41 -25
-65 -45 -86 -95
74 -90 36 -61
-24 48 -13 68
52 99 87 18
-64 -83 14 -71
-80 -65 -14 45
-3 81 85 -54
-96 -39 33 -35
-15 80 -83 53
87 -66 -26 8
-87 -19 68 54
44 -61 -62 72
46 -67 75 -8
70 11 91 -29
59 -5 -56 52
-7 -55 71 -25
75 21 67 -71
61 -59 95 -81
-61 -59 24 54
57 17 9 -39
-85 -12 26 52
15 -30 81 90
16 0 38 -88
6 33 29 52
-18 -84 -86 -61
89 75 -40 39
74 91 -74 -95
-62 96 96 -11
34 -74 65 -99
-79 -29 -52 -6
12 -9 26 52
-98 -73 -35 -81
66 -23 22 -88
83 34 -43 6
44 56 -75 -40
40 -34 -16 -5
-45 -9 -17 92
68 14 -9 -99
-55 -18 -25 -99
-17 79 -7 32
77 16 80 -87
28 -73 -42 16
-14 -100 -41 54
-19 -15 48 12
-27 -95 12 -49
64 -43 2 18
-62 41 -24 -49
-20 -96 -47 -75
31 97 69 -48
8 -8 71 -52
-30 -91 -65 67
64 -32 65 43
-66 -89 31 67
-59 59 99 4
-4 94 -24 74
54 54 -55 -67
-97 -66 39 -85
-9 -57 8 12
-30 -14 -87 73
-54 42 -48 -49
2 -100 2 91
-93 -23 -56 65
56 74 86 7
64 38 24 -44
23 8 12 -94
-6 -42 44 -89
-47 -28 83 -83
84 -88 1 24
47 -36 97 -68
98 -8 -21 -21
-41 63 63 -8
65 95 -55 0
-95 73 47 46
-43 -100 48 -30
58 -38 79 -43
-48 90 68 58
49 64 100 -77
-9 -12 -89 -75
-50 92 -34 -100
-71 -6 6 53
98 -16 -36 97
32 20 48 18
2 -100 -96 -64
-90 59 88 -53
92 97 -27 84
46 81 -48 -74
63 -50 53 -6
4 58 51 -98
79 9 6 56
74 -31 -98 -61
-72 -38 25 -91
83 -24 -5 -91
-26 -100 -19 87
94 32 89 70
-53 11 -5 -81
-46 -82 0 -1
-30 -70 -94 -98
-43 -38 38 -62
15 58 70 4
-39 12 -40 -36
-70 55 47 30
54 85 -11 87
-42 57 -91 -88
18 -40 -72 -67
-12 54 30 61
-17 -81 -15 -54
-93 95 16 -82
-68 3 -12 83
65 -32 -15 -96
18 9 12 -59
84 -51 25 -92
93 -49 71 59
28 82 -47 62
37 43 40 54
83 28 -29 6
62 -67 -23 3
-72 58 -93 82
38 93 54 -41
36 16 9 -21
8 85 30 -67
-90 87 -88 -69
52 67 -26 2
-26 -84 -71 16
-44 3 -94 31
-43 95 88 36
-29 78 80 89
42 -1 18 -18
-45 26 -84 62
5 -63 -34 100
65 -62 -35 -88
-30 1 42 67
-72 7 93 33
-94 -12 23 94
-47 89 76 -84
-85 86 86 -8
85 -40 16 73
-12 -66 57 72
26 -59 -27 64
-43 -24 73 -61
-34 -28 -9 97
-28 -24 59 88
-7 18 91 -66
-22 -88 -87 12
-70 30 -74 57
88 72 79 20
-56 -4 25 -36
63 44 95 21
63 -85 8 -22
-23 -27 7 -19
-77 40 -4 -45
-16 56 -15 -30
44 60 77 -1
-67 -31 -13 9
100 26 -36 -65
-26 32 -83 -27
91 44 -22 -23
58 78 -20 -49
-54 -62 53 4
6 6 -46 -7
-87 96 -28 94
-86 61 91 -38
-11 83 68 -71
90 -51 -22 -26
-67 59 43 -1
-99 95 22 66
16 28 46 -46
-5 -54 -83 95
37 15 -81 38
-48 -60 69 5
56 -88 -11 62
-12 -19 78 -58
-25 73 -59 -49
-56 -20 73 89
-72 -89 69 -60
46 -87 24 14
89 -71 -20 -97
32 17 -98 -19
-97 -63 -82 26
52 60 -69 -43
-65 74 1 -1
-42 54 11 100
15 -7 60 -8
40 56 -61 -84
-90 -81 -39 15
-81 8 -43 53
-83 -88 -11 -54
-7 -46 33 -10
7 -15 16 12
85 6 -34 -95
50 57 9 27
31 -16 -79 -21
89 -75 -98 -29
89 65 42 -35
-93 45 4 -96
-50 -36 -39 -55
-53 45 4 -34
-15 -29 -29 -64
29 6 -21 16
-15 74 -26 46
-79 82 26 0
97 15 -47 14
48 17 10 -74
95 -3 -8 -19
66 23 27 26
5 -42 -26 -72
85 -50 -95 -29
10 18 13 76
-76 96 -40 14
90 -19 89 58
92 -74 -11 78
-39 -83 36 100
-57 -55 -5 -26
39 -87 -1 32
10 68 -95 92
-29 78 53 96
-20 -4 -72 13
18 33 -34 -45
-15 -90 91 7
-33 62 96 86
-80 44 -16 97
-91 14 -3 -70
47 -44 8 -16
-26 23 -47 27
69 -64 -4 6
14 45 44 46
47 -61 -24 31
65 -14 -40 -9
-22 -66 -30 8
54 -17 -48 36
93 44 -16 -55
-91 79 39 73
82 -21 -27 -73
-12 24 -11 -27
-65 -72 59 31
8 -80 -69 -55
24 29 28 -7
-72 31 -89 48
82 78 -75 -49
16 -13 -91 27
18 -21 -14 -91
-56 73 16 -25
-28 -17 30 89
-28 18 -99 -81
46 -25 74 81
-24 38 -63 -21
-53 17 -14 -75
37 1 55 30
39 56 -18 85
-6 18 28 36
-4 72 61 42
42 -29 13 53
-3 89 63 48
85 54 84 -53
-48 7 87 -70
36 -100 30 -14
55 -27 14 -63
58 86 -91 -54
7 71 -73 -33
40 -7 -5 -87
-62 88 61 83
-56 47 87 65
-74 48 21 51
-23 94 -79 21
-15 -45 -1 30
-94 5 -2 -60
-68 18 -100 -71
-36 81 39 28
-11 84 8 -61
94 -42 28 1
37 45 -95 30
-11 63 -52 10
-95 -65 -49 64
-55 -3 -86 97
-7 -52 -30 -83
1 -98 11 59
-18 -98 6 19
83 -31 -1 37
-16 76 -61 -69
-94 97 -62 29
41 74 3 -32
-94 -14 96 -38
15 -59 36 39
33 44 68 8
-61 67 32 48
44 -93 95 -32
-17 18 17 -95
-67 -47 70 -52
59 -50 51 96
12 -65 52 87
-78 91 68 80
44 11 -14 -51
60 67 -7 98
77 -4 8 65
-21 76 94 -8
-6 99 -18 71
-84 14 11 -53
12 -11 -83 100
-3 -16 -37 -72
20 -26 29 -84
-96 66 -54 -14
45 -24 33 -46
65 27 -17 -23
96 55 16 17
-15 -42 -48 22
44 -66 -31 95
-37 -5 -40 -63
24 -28 94 74
-36 65 -34 -22
72 34 -11 -45
-35 -67 -28 13
76 -26 -77 76
-34 100 -16 56
95 80 -61 -13
2 -90 34 -71
-57 68 -63 93
72 46 -83 -76
-9 64 96 -61
-73 91 -87 -48
-55 -75 38 -29
-50 -15 -94 -1
48 1 81 -43
-45 -59 -61 35
77 17 -3 -54
60 -3 -82 54
89 99 -44 -52
-51 5 54 -88
68 82 -96 89
-15 46 56 -79
-74 -1 83 -52
-70 87 8 15
-31 -88 28 15
40 -70 -8 -32
-26 -56 -69 73
-95 6 -97 -14
7 92 48 89
40 -31 -70 35
3 11 65 -3
39 -11 -75 -40
49 81 -61 -40
65 10 44 40
-74 81 -8 -73
82 19 62 -73
-80 32 26 -48
26 -25 -1 -36
-68 -92 -95 -95
57 29 -53 -95
-6 100 67 -82
94 -2 -66 75
-33 -14 30 -58
-5 -50 68 41
-83 7 60 16
-91 -43 -34 74
-29 86 -60 30
-44 8 -50 29
83 74 -75 -95
-86 84 24 -77
59 -71 63 87
76 88 -99 -80
-32 -80 46 -100
-97 -39 -16 15
34 -7 53 100
-75 -47 -25 -23
78 40 96 84
11 -87 40 29
-94 -55 -50 -28
93 -17 -96 -94
-1 -67 3 73
-58 -32 34 -99
78 -18 21 25
-99 50 36 78
23 -13 45 56
-63 27 14 -77
-74 77 -42 23
84 -24 46 39
48 -64 59 36
76 74 -72 46
-15 -66 -16 -72
76 -95 36 55
90 40 40 22
17 -16 61 38
28 -98 16 -68
35 -76 -8 16
53 -20 -100 34
-81 82 34 -85
38 81 48 22
95 -91 27 50
-54 89 22 -89
-47 -65 47 95
-98 65 -24 21
94 95 -81 39
14 40 -37 28
-75 -42 -76 50
-67 91 61 -18
-39 -74 57 75
-38 97 9 52
-36 -33 -7 40
-66 1 83 -43
-32 96 81 52
-92 -35 85 -72
47 75 -35 -1
23 64 49 37
83 85 38 -59
86 32 -60 -79
45 -6 92 -70
-24 -7 27 4
82 100 52 -44
33 -60 -34 95
11 -77 98 -96
-8 66 -22 66
-74 -97 59 -26
-22 -62 -6 54
-7 -2 -36 55
-50 -97 -39 3
82 -37 -42 20
-25 59 74 69
-46 30 -80 9
5 -30 67 81
-37 96 -89 42
83 -8 98 -41
-1 -93 2 -27
-77 -91 -81 -66
-47 -20 33 -62
20 88 -13 -2
-19 25 -86 -68
-45 5 -76 -55
62 12 83 40
40 85 -22 78
-56 16 -74 -92
-52 -37 -88 1
18 -81 18 -80
-54 6 91 20
56 63 57 34
9 20 -49 -67
-93 -85 -31 80
10 96 -57 97
10 -68 90 47
85 -71 -70 32
-83 49 -89 56
88 56 13 15
-67 -36 92 -15
25 -88 -24 -25
-46 43 -93 13
-45 -26 83 58
2 -12 8 100
20 -78 -33 92
-75 71 -3 -48
-99 -37 58 47
47 64 51 22
-49 -15 26 -43
37 -90 96 84
68 47 66 26
-3 36 65 -38
76 75 86 96
45 -26 -15 -32
7 -65 -28 8
-87 -3 87 -91
-15 6 -62 90
71 -43 -83 -78
36 74 2 -46
-47 100 -56 51
8 -18 -26 -80
-39 15 -79 -46
93 -36 33 -24
82 -46 -58 84
-71 77 12 10
-22 79 25 63
-71 15 31 19
-34 -63 -69 -11
50 -86 -97 55
-77 -18 89 -54
19 73 72 41
-23 96 -15 50
-9 -51 -55 -55
40 89 -41 73
-43 21 1 38
82 -90 -18 3
72 -99 -10 -69
80 92 59 -9
39 -77 -60 -56
15 21 -39 -33
-85 4 42 -33
-63 20 20 -60
94 -71 79 -80
-76 19 -77 85
-9 -65 55 51
-71 25 99 69
-61 54 -38 26
83 -41 -4 -94
0 68 -81 96
33 -98 -25 -70
86 -31 30 -16
-87 17 71 11
-40 -67 53 -55
-64 -44 -46 -41
37 -99 -24 13
-72 32 -46 77
12 -26 -76 51
59 -25 7 -57
-8 -25 33 99
72 -44 -75 59
78 -58 -98 89
-46 95 74 86
-52 -86 30 96
-43 -50 -27 -39
62 58 -99 64
-71 -91 -76 -29
78 51 -93 73
-95 44 45 64
-54 79 72 -71
32 62 -93 5
-94 43 63 18
21 -81 99 6
98 35 -78 100
70 11 43 66
66 22 73 -16
28 -52 -19 -24
8 88 -18 10
82 84 -82 -33
-24 91 -88 60
-72 21 -36 25
-38 -2 -18 98
22 -60 -15 59
33 62 -67 64
-57 -56 -93 74
-60 18 38 97
-50 8 21 99
83 32 -35 41
-77 6 32 -14
24 96 90 -64
-12 3 74 -39
-67 100 78 -1
-97 80 78 6
-40 -67 -97 -48
30 56 -66 89
-21 -67 -13 8
38 -92 -27 76
-60 -90 -72 -98
-27 60 53 -23
72 -68 -92 -49
51 -85 71 42
84 -25 -37 70
-10 -18 -41 36
-19 -18 20 27
12 49 45 51
-42 -2 93 70
-20 -50 29 -32
-100 46 -95 0
-32 -51 22 69
-27 -89 26 87
62 20 -83 75
11 -5 45 -1
17 96 61 -23
-94 -47 0 -83
-58 57 71 -29
19 26 -82 1
58 -91 -35 -34
-5 43 87 -28
12 12 58 52
-31 36 91 41
-84 56 -26 100
-1 -47 -30 86
-18 10 67 -49
-4 -67 -75 40
-20 -15 -64 8
52 -73 57 -50
85 36 52 99
-51 -39 91 -34
68 -24 -97 80
-94 -88 12 -15
-58 94 27 -55
-87 78 66 71
-25 -26 -42 71
-46 -13 -63 35
-34 59 -11 -23
54 -92 -80 -100
-31 36 -33 68
-80 -90 -85 -40
-33 45 53 8
-47 -15 69 78
48 -76 71 -14
-74 -44 100 46
5 13 -22 -7
23 -58 -11 -9
93 -50 -66 89
-98 -43 -39 -62
-78 84 44 71
10 49 -52 57
61 -86 34 79
-56 -76 -15 -58
-70 -48 -43 7
-79 -48 -75 69
-87 62 -99 78
-10 28 -81 -4
74 94 -40 -10
-43 -81 70 79
87 0 67 -2
18 22 -73 10
29 74 -100 56
42 21 47 78
-83 92 -80 20
-26 33 1 -48
-25 25 -31 -31
12 93 -60 -6
-38 -66 64 87
-81 35 -44 -74
-23 38 17 34
-95 65 14 -83
29 -35 54 32
8 36 97 -43
-41 37 20 -8
94 -36 -30 -41
12 36 -66 21
25 50 -67 7
19 52 93 63
-66 -57 -69 13
75 -2 -71 24
-77 -89 -79 -11
43 -71 93 5
-79 19 -99 -47
-91 41 -97 69
-12 41 97 -54
-1 86 1 13
-58 -85 -41 -87
-27 70 -74 66
-38 6 69 -57
-92 90 65 -70
-21 -34 34 60
65 31 -78 -1
72 36 -76 -6
95 46 17 92
-35 73 54 -34
-36 83 -62 80
1 22 -39 -35
80 90 -56 -65
81 57 76 -54
-1 68 46 -72
-28 78 50 -85
50 -44 12 -87
12 -91 94 -95
-67 51 27 -20
20 97 -25 -76
69 -8 -20 32
33 72 35 80
-52 99 -3 -29
7 35 92 -13
-86 23 39 4
35 -73 -19 -57
-95 45 26 83
95 -4 45 96
-24 -74 -52 18
-73 0 -7 -39
89 56 -67 -49
-37 -88 61 -50
6 21 -20 97
65 -35 32 -93
-41 0 11 -63
-85 -62 -56 1
51 -94 -51 54
99 1 -89 50
77 -46 -40 -15
-86 81 71 44
-22 85 77 16
11 -44 -39 37
-30 58 -24 -52
22 -53 3 -16
78 -33 -81 8
-28 -90 -48 -83
91 10 47 -69
-62 -53 -7 73
-39 72 28 63
-24 47 98 -30
95 82 -77 19
-92 -78 -51 67
90 -81 -40 -2
-60 -38 38 -20
-33 -12 -84 13
3 72 78 -67
86 -58 -52 75
-12 -99 -47 14
50 87 -17 -98
78 34 -5 -90
79 1 -74 -45
-100 69 -25 24
-13 11 33 -56
13 26 -98 -83
60 9 -57 17
43 30 82 31
-77 68 -16 -42
-15 -21 89 78
-83 45 -79 78
-94 28 -43 -94
-64 26 -33 -62
68 -28 78 54
84 54 55 27
61 -5 100 48
44 85 -31 -9
-30 -96 45 50
-85 47 -92 94
0 8 12 62
77 18 1 -86
4 -75 75 36
25 -100 -81 -68
59 92 93 82
-10 -100 -78 53
48 91 37 14
-29 26 -99 -27
8 -61 68 -40
-71 55 71 83
-42 49 72 -82
58 -90 -40 -23
-24 -63 -83 -11
42 -91 35 67
37 91 8 63
-81 -34 75 33
80 -80 -89 51
14 55 92 -93
15 -22 -35 61
3 -59 -41 -11
59 69 18 53
44 26 65 -26
89 -28 -14 50
-90 -97 -77 23
45 -53 79 87
-96 47 -15 -56
-7 -64 -61 -8
37 -49 27 36
-48 -86 -39 -59
12 -8 -81 -32
86 34 -98 19
13 -55 -88 83
42 61 15 25
55 64 -47 -4
-22 -91 24 27
31 37 19 87
25 -32 -10 65
-65 -19 40 64
-93 31 -59 99
26 -15 -78 9
21 -44 75 87
-51 74 78 7
-88 64 -88 18
22 25 -74 9
-78 45 -55 1
-14 -87 -4 -73
-66 -99 -64 19
-8 58 -85 -8
-93 9 -96 -31
97 -38 -21 -32
68 75 -79 48
-7 86 -36 66
-78 -39 82 61
57 -32 33 -31
-46 0 -33 -82
11 -70 91 100
29 -13 -19 40
54 41 49 -71
62 -26 28 -41
-74 98 -64 -76
-31 96 -12 24
42 32 76 93
88 -76 -17 36
-34 -34 -87 71
-73 80 -23 -78
-16 -51 91 26
-50 -34 -37 -10
-95 25 -40 -20
-59 75 -67 -73
26 11 -27 -62
54 -42 -13 88
89 -62 25 -13
98 18 -59 -11
71 85 69 15
-46 -58 -15 96
-15 11 -34 11
-29 -69 73 12
69 71 70 -38
-56 -65 21 34
-1 99 83 -90
48 15 67 87
99 95 22 -51
54 86 -6 1
95 44 -16 82
9 6 -66 -8
93 -42 -65 7
4 -72 71 -38
73 74 68 -62
-2 -22 45 16
19 77 -84 -35
-81 92 89 37
-11 34 9 -3
-52 78 96 58
69 40 -63 -58
30 70 -78 60
32 -71 81 -88
44 -75 -77 10
-12 -46 -96 55
-7 -46 -36 -4
-22 2 41 67
-68 8 9 -41
13 63 -51 13
-53 36 -83 24
-8 -55 69 74
