20 3 121
0 0 0 0 0 0 0 0 0 0 0 0
72 78 48 70 45 4 17 101 53 10 5 14
104 115 41 24 99 84 74 96 25 91 53 9
19 11 6 63 15 103 29 80 16 31 10 7
5 33 1 70 28 41 24 2 9 17 10 25
33 56 28 65 4 81 44 114 37 1 10 14
19 15 80 3 11 54 29 71 14 32 10 13
30 100 73 90 41 31 66 28 2 25 8 5
32 92 87 67 85 29 98 84 25 71 68 54
70 113 35 25 45 24 53 74 1 32 2 8
110 14 117 111 37 44 102 17 89 43 40 59
3 6 10 7 8 5 15 16 19 29 103 0
40 60 51 17 14 10 13 55 23 42 15 1
60 40 55 12 68 54 14 6 23 10 8 42
110 10 117 111 37 40 89 44 49 17 43 88
6 19 63 118 58 3 80 76 10 11 14 39
3 11 14 6 7 10 23 28 0 0 0 0
95 10 14 72 101 12 49 1 37 48 40 51
62 108 116 79 36 119 0 0 0 0 0 0
3 11 6 89 15 63 75 43 29 14 10 31
0 0 0 0 0 0 0 0 0 0 0 0
46 61 0 0 0 0 0 0 0 0 0 0
106 119 108 34 36 86 0 0 0 0 0 0
107 120 60 57 109 49 51 14 16 35 32 12
74 115 53 70 2 78 9 25 45 1 35 4
35 92 9 67 24 8 2 32 45 84 41 7
36 62 82 47 18 79 0 0 0 0 0 0
10 15 17 14 1 5 38 39 52 58 91 0
33 5 65 50 81 37 56 43 44 59 114 105
103 32 80 109 87 67 8 54 71 3 19 6
7 73 100 31 66 41 90 103 67 29 28 8
73 66 30 50 100 93 43 7 63 103 28 52
87 92 8 29 109 67 68 54 71 35 25 85
5 28 4 14 10 1 37 56 65 69 114 0
86 22 64 82 106 77 0 0 0 0 0 0
25 9 32 8 23 24 67 92 113 0 0 0
116 64 62 82 18 108 0 0 0 0 0 0
44 117 110 43 10 14 59 112 102 56 65 50
27 15 10 8 2 31 39 52 58 76 98 118
27 38 15 10 31 37 52 58 118 0 0 0
111 60 89 14 12 10 88 13 109 83 76 37
90 104 2 99 7 50 66 30 73 91 84 31
1 17 12 40 10 13 45 48 55 94 101 0
37 112 117 59 44 50 10 14 89 28 69 19
37 102 59 112 56 10 110 65 43 50 14 81
94 48 115 70 83 9 1 53 55 74 78 113
21 61 0 0 0 0 0 0 0 0 0 0
82 77 64 36 26 86 0 0 0 0 0 0
45 1 42 17 14 40 53 55 83 94 96 101
57 95 110 14 120 97 37 10 51 75 17 107
112 59 65 44 43 28 37 81 31 73 69 90
12 49 23 40 14 17 57 60 97 107 0 0
27 39 50 38 31 44 58 66 76 91 0 0
24 45 9 1 48 2 70 74 78 94 0 0
32 6 29 8 13 40 71 80 87 0 0 0
13 45 48 40 42 12 68 94 0 0 0 0
44 5 33 37 28 10 81 102 0 0 0 0
49 51 23 14 37 10 95 97 107 120 0 0
39 38 27 15 52 10 76 118 0 0 0 0
112 44 50 37 43 81 10 88 28 105 63 83
40 12 23 13 14 51 68 107 120 0 0 0
21 46 0 0 0 0 0 0 0 0 0 0
18 36 26 79 64 22 0 0 0 0 0 0
15 19 43 3 59 31 0 0 0 0 0 0
36 116 82 34 47 77 0 0 0 0 0 0
33 50 44 37 28 5 69 72 90 102 112 114
31 52 50 30 41 7 73 90 91 93 100 105
32 35 8 25 29 30 85 92 0 0 0 0
32 55 60 13 8 40 87 0 0 0 0 0
65 37 33 43 44 50 72 113 114 0 0 0
53 9 24 45 1 4 74 78 115 0 0 0
54 29 32 8 6 15 76 80 85 87 0 0
1 69 17 65 14 44 95 102 113 114 0 0
30 31 66 7 50 41 84 93 100 103 0 0
53 24 70 45 9 2 78 96 115 0 0 0
19 14 10 49 37 43 89 97 0 0 0 0
58 38 71 52 15 40 83 88 98 118 0 0
47 64 82 34 36 26 0 0 0 0 0 0
70 53 1 74 24 45 0 0 0 0 0 0
18 108 86 62 36 22 0 0 0 0 0 0
54 6 71 29 15 3 0 0 0 0 0 0
59 28 50 44 5 56 93 105 0 0 0 0
47 86 64 36 116 34 0 0 0 0 0 0
76 48 45 40 14 59 84 88 94 96 98 99
2 8 41 83 73 25 85 98 99 0 0 0
8 71 84 29 32 67 0 0 0 0 0 0
108 82 79 34 106 22 0 0 0 0 0 0
32 8 68 54 71 29 92 0 0 0 0 0
83 76 10 14 40 59 98 99 111 0 0 0
40 14 75 10 19 43 97 109 111 0 0 0
41 7 50 30 66 65 93 0 0 0 0 0
52 66 41 27 2 59 104 0 0 0 0 0
32 8 87 35 25 67 113 0 0 0 0 0
66 81 31 90 50 73 100 105 0 0 0 0
45 48 55 53 42 83 96 101 0 0 0 0
17 49 72 14 10 57 0 0 0 0 0 0
94 48 45 2 83 74 104 0 0 0 0 0
75 51 49 57 89 14 107 120 0 0 0 0
84 76 83 88 38 8 99 104 0 0 0 0
98 83 84 88 41 2 104 0 0 0 0 0
7 30 31 73 93 66 0 0 0 0 0 0
17 48 42 1 94 10 0 0 0 0 0 0
44 72 56 37 10 65 110 0 0 0 0 0
29 3 73 31 30 11 0 0 0 0 0 0
2 99 91 41 96 98 115 0 0 0 0 0
81 93 59 28 50 66 0 0 0 0 0 0
22 119 108 116 18 36 0 0 0 0 0 0
23 60 57 97 51 49 109 120 0 0 0 0
106 22 119 116 86 18 0 0 0 0 0 0
89 107 23 32 40 29 0 0 0 0 0 0
14 10 37 44 102 49 111 117 0 0 0 0
89 10 14 40 110 88 117 118 0 0 0 0
50 59 44 43 37 65 0 0 0 0 0 0
69 9 72 35 92 45 0 0 0 0 0 0
33 69 65 28 5 72 0 0 0 0 0 0
24 2 45 70 74 104 0 0 0 0 0 0
36 64 119 108 18 106 0 0 0 0 0 0
110 14 37 10 43 111 0 0 0 0 0 0
58 76 15 39 38 111 0 0 0 0 0 0
106 22 108 116 36 18 0 0 0 0 0 0
107 23 57 49 97 60 0 0 0 0 0 0
0 1 2 3 4 5 6 7 8 9 10 11 12 13 14 15 16 17 18 18 19 19 19 19 20 21 22 22 23 24 25 26 27 28 29 29 30 30 31 32 33 34 35 36 37 38 39 39 39 40 41 42 43 44 45 46 47 48 49 50 51 52 52 52 53 53 54 55 56 57 58 59 60 61 62 63 64 65 65 66 66 67 68 68 69 70 71 71 72 73 74 75 76 77 78 79 80 81 82 83 84 85 86 87 88 89 90 90 91 91 92 93 94 95 96 97 98 98 99 100 100
