-22 -45 87 -52
-44 58 -91 46
15 65 -93 -73
-36 75 -74 8
85 -23 70 -72
10 -34 -74 -45
-76 41 -87 49
58 51 -59 34
20 -6 73 95
64 -67 20 -41
8 88 -28 43
-99 -85 6 -93
-7 11 27 -86
37 -7 -56 -7
-61 73 67 -17
67 45 -65 83
-18 -50 -5 69
-20 92 -43 -45
-94 -2 40 1
64 -74 -72 34
92 -10 -75 9
-63 15 -44 38
-35 51 -69 86
76 -41 10 88
10 12 -86 99
-34 -49 78 96
-47 11 -24 73
3 53 -42 26
-11 -79 -47 -57
-3 96 -64 75
47 -6 18 25
-38 -60 -73 -96
95 37 9 69
-10 44 34 95
-8 47 -53 -14
18 -52 6 60
-92 10 -86 35
98 16 88 -44
22 -81 -51 67
-74 82 -55 49
33 -8 -84 3
-69 -62 -84 -9
-10 10 100 95
76 73 -81 -91
36 95 15 39
-6 18 -40 0
23 -28 -15 43
5 91 -50 -34
-58 -87 69 87
-81 81 76 30
-26 22 93 31
62 -93 -5 -92
81 31 -46 -59
-27 -6 12 -92
-19 -11 40 3
55 -63 38 -75
5 27 -36 79
-70 75 -21 90
-78 -7 -31 11
-82 -53 -56 -23
-84 25 -74 -20
95 -38 -23 -97
20 7 -65 92
-58 -62 41 -8
-44 93 19 15
25 63 -39 -78
64 32 83 -11
88 33 -94 2
-12 58 62 -83
-32 -48 6 96
32 -74 -90 42
-29 -72 25 -57
-90 -44 -56 31
-42 -83 32 -34
0 71 47 78
20 81 22 9
-11 -56 -33 98
48 -100 -71 -90
10 64 -53 -68
-19 -78 -71 -40
-68 78 66 -25
74 -100 72 -19
-90 -84 19 -71
-33 12 -96 -52
-26 -21 -61 -48
-51 -39 16 41
-68 92 80 -14
-64 46 -89 1
-39 34 -70 -59
15 -97 56 23
88 54 5 -97
88 -99 -35 95
27 -34 60 -92
-25 -28 98 96
-71 29 18 -14
-86 76 71 -11
-71 5 47 67
79 72 72 98
-4 80 36 -8
-41 18 39 -79
-63 65 46 0
3 60 87 92
47 -93 38 5
14 83 81 -41
48 58 32 -31
61 40 13 75
-15 59 31 94
47 6 34 -16
46 51 77 36
-10 10 -66 83
17 -55 67 66
8 -30 -25 -52
-71 42 -78 64
47 62 37 -20
-9 -52 53 37
-93 11 -85 22
47 60 63 37
46 -15 46 -30
67 86 -7 5
-39 -61 -78 -80
41 -75 70 -74
89 67 -48 -55
27 88 50 -7
-26 64 -44 43
-9 -78 45 -16
32 8 -93 -15
50 -83 -71 -8
-2 26 72 -57
-43 93 47 -10
35 32 -52 -52
10 74 67 47
-80 -43 88 -63
-55 71 -43 -48
-98 60 -18 35
98 97 -49 86
-1 -79 37 58
64 57 -38 -61
67 8 60 95
-22 -92 -23 -65
69 55 55 20
6 28 -23 -93
-13 -44 24 -30
64 -63 -83 60
84 0 28 83
91 6 -96 -56
34 86 -48 75
-36 -86 -9 -91
63 86 97 6
9 51 -98 -100
58 -41 23 96
42 78 -29 -64
-69 -99 62 29
40 34 88 16
53 30 5 -42
48 -97 -20 70
-99 16 45 -44
-65 -5 -64 -36
36 6 -39 14
59 -33 -57 2
47 -6 100 72
-37 87 -6 51
-69 24 -24 52
-100 60 5 -98
-81 -63 34 85
-53 -1 67 8
-60 25 -8 95
27 -35 -75 -70
12 -76 -12 -93
-98 48 -45 23
-20 -74 36 -71
-65 47 14 31
-36 39 -8 -63
6 -33 -90 99
-3 18 -58 -73
-18 -1 31 61
30 -10 14 58
-15 2 -60 -36
77 33 -26 32
-24 23 -53 97
30 -19 -95 44
-7 25 54 76
-41 49 28 50
-100 -25 -85 -18
0 30 95 -70
-51 35 0 55
19 100 -49 61
83 -43 -37 -72
62 -18 13 -38
-54 84 -19 -38
54 66 41 -93
16 -38 27 -95
-82 74 -41 -81
-81 80 -22 68
18 48 -45 -47
100 -24 -62 93
-41 55 -39 -79
65 26 3 22
59 -39 12 54
64 -74 52 36
-93 -2 69 57
36 32 -77 -81
-36 56 -58 81
62 -4 -89 75
-32 -83 -69 22
19 25 94 99
-75 -55 -63 26
-83 -80 -30 -86
-21 3 8 -80
21 -6 11 -59
81 79 69 -68
38 -91 83 2
-88 14 -57 3
-1 -54 -64 -73
49 -86 68 -95
45 4 -59 91
86 -55 -4 79
28 55 58 -87
-98 -4 64 -19
99 44 -3 97
66 90 42 82
-15 16 57 57
-50 -66 -18 95
77 88 -41 80
91 79 97 36
-52 -98 -70 37
-64 -33 96 13
-61 20 81 -100
-9 47 -37 -39
-63 -31 -96 -63
-13 8 -25 90
-66 -36 21 33
53 76 -11 15
-47 -3 -43 -23
57 -27 3 -57
-79 98 -1 -48
-93 -8 -15 96
89 15 -4 -37
100 4 43 -89
-11 80 77 77
-80 -41 -2 -92
-89 68 -86 -72
-76 -62 -13 -7
-65 -78 84 66
-1 -32 13 29
52 -99 -32 34
-21 -24 44 -15
93 -26 60 -65
59 53 -18 -59
-29 52 20 78
-79 -26 89 29
24 4 32 92
15 -57 94 -37
39 77 -2 -50
-54 19 24 -52
-51 12 12 5
-88 62 -10 8
81 -76 78 29
-49 -83 -46 72
-36 37 -78 -7
-84 68 -82 2
65 14 20 -38
-70 18 -12 -33
4 -20 -88 84
-10 -43 -28 -77
82 9 -99 9
-40 13 -53 -36
33 -13 54 -71
-2 -3 -61 64
87 -94 87 -94
-48 27 -33 -68
-49 -29 -56 82
-54 50 -38 -23
-13 -16 38 89
69 -21 43 -60
-35 41 -10 12
-77 19 80 7
35 58 26 -12
-38 30 -84 47
98 -48 -19 3
68 77 -15 64
83 -92 46 -83
96 67 -84 22
-2 43 -15 51
32 -13 -43 -38
84 -13 96 -98
72 58 -75 -43
-59 -95 -90 48
34 86 -36 -62
-49 -62 -34 -9
60 -72 34 30
-76 -53 -41 -50
-75 31 31 50
67 21 -90 36
13 15 2 85
99 31 47 61
-4 38 -19 -96
63 10 87 24
45 -82 80 28
-26 77 -10 -78
-22 -9 -25 18
84 35 29 16
36 62 -15 43
-22 92 -9 -4
96 98 -15 -52
-64 -56 -54 -64
-54 -35 80 44
-41 7 39 -38
-30 10 54 -73
48 5 -45 89
24 -78 -100 -57
-64 5 -90 -36
75 -16 -69 -100
8 -33 -17 -35
11 95 -71 -7
54 71 100 61
-43 -92 98 -76
20 -10 -3 35
-45 -73 -93 61
32 -74 -5 57
86 -19 -6 32
-95 64 -1 62
-8 -38 -48 37
-20 -24 -30 -99
38 93 -87 67
9 -34 59 -82
89 19 -31 -25
57 -1 59 63
-33 98 -93 -57
42 -83 -72 -6
86 78 33 -96
64 -56 -8 83
38 -66 37 17
52 87 6 21
-93 -37 59 89
-60 -7 47 19
-29 77 -62 89
47 75 -100 -59
-26 89 -18 -90
-49 86 83 -61
-49 21 -78 95
-48 -28 70 -19
-60 -35 40 -19
63 53 89 83
-74 8 22 -63
-18 54 -98 52
-27 16 83 -28
-100 -76 89 -85
59 -92 -86 64
92 45 -23 71
-13 19 60 -83
-62 71 -84 31
-62 22 33 10
46 4 -87 -17
-6 -8 27 7
-15 19 20 76
36 16 -46 76
51 66 9 55
-11 -13 57 -30
42 -67 -16 -96
84 -42 -91 -40
15 7 97 -15
-60 19 83 47
79 26 -1 -58
-97 30 29 4
-58 65 14 -69
74 -30 -17 76
98 91 -82 20
-85 87 -25 -77
12 88 -98 4
61 -89 43 24
77 21 -35 -34
10 64 -3 -20
-37 32 -59 -49
-33 43 -74 -4
24 23 -48 95
-82 83 10 86
-56 100 64 -68
-45 -22 -10 -37
-97 -8 -54 58
-5 -80 80 -98
39 -54 -88 -89
-72 64 -31 44
-13 89 -32 -44
-57 -10 -61 -5
99 -41 -14 41
-38 78 -43 43
98 -75 -60 -1
-9 32 52 -8
48 60 -46 -50
59 60 52 -7
53 -51 -69 65
-19 -2 24 49
48 97 11 10
26 -93 -37 68
30 89 95 -98
-26 4 -77 -42
95 -45 -40 -47
61 -81 -13 25
-53 99 5 57
-65 13 -19 9
-63 -20 59 44
32 -66 57 -55
6 76 9 -86
-20 21 100 95
55 39 -45 10
25 23 83 -100
-58 64 -23 -63
22 -19 -16 55
1 28 91 -18
41 -72 99 -11
-60 21 62 27
-62 4 -100 -88
51 22 -17 -91
-73 70 -94 -46
-37 63 -13 -79
-52 -48 32 -83
75 -67 59 -76
38 46 9 -13
15 77 34 8
-3 -90 33 69
-32 -21 -39 98
-33 -78 -9 74
-7 42 67 24
-60 91 95 -74
97 -18 -36 -19
-58 -96 95 -73
-4 -49 22 -17
-4 47 -39 -78
-99 50 0 -91
84 19 62 84
80 56 -73 74
-79 87 86 50
44 76 -100 38
-15 28 -65 -33
-62 88 78 52
100 59 -10 -90
-76 34 -26 69
67 -29 22 -42
89 -68 46 90
-43 -4 -29 10
56 -69 -97 88
-13 49 -60 47
-92 36 97 -52
-94 -68 -35 86
95 69 -63 64
-16 46 -73 -31
-19 -10 -67 36
-17 46 -74 -49
-44 -88 0 -73
-90 59 -23 -14
-24 98 66 -17
64 20 77 -12
90 22 82 12
65 84 -44 -71
43 -77 5 100
-87 76 -60 -99
86 71 98 17
33 62 63 63
-99 38 -92 -86
-21 -51 56 56
-48 70 -11 98
47 47 -40 -57
8 -68 -23 71
23 54 -56 69
-4 72 88 -28
83 -76 -62 17
22 -99 11 41
-72 -48 -11 13
34 69 -45 99
-92 -18 -24 -94
-3 94 -50 -52
-70 88 -75 91
-86 82 -18 44
7 -56 26 -47
78 -25 12 12
-82 53 -70 -55
-65 46 97 -66
46 54 -63 -57
29 -1 -74 54
-17 26 7 47
-87 82 -30 -74
-26 -52 -81 -88
33 45 94 9
9 22 -12 15
51 -66 -4 26
-76 22 1 97
-94 17 -12 -2
6 -70 -35 -10
-6 -87 -47 27
72 50 -2 65
81 -6 -99 -28
59 -39 16 56
36 -19 -39 96
24 33 68 2
-18 -59 -66 100
10 -26 55 82
5 -68 -14 -9
83 19 -88 -96
48 -56 84 -97
96 -67 17 -64
71 -21 -11 -60
-50 89 -89 -9
78 -86 98 80
3 -34 11 58
25 25 -20 10
-21 48 43 -78
25 50 -40 64
21 -98 -62 -57
66 -27 32 -83
24 26 83 -67
-24 71 -48 49
44 73 -93 -55
49 -69 -50 -45
-2 -68 99 85
-14 -4 64 0
14 71 -59 -83
55 71 12 92
9 -35 75 10
54 -99 -75 76
28 81 40 -89
93 29 -9 39
-62 -53 -91 -36
19 74 -49 -93
-52 34 63 -64
-13 -70 49 18
81 63 -16 -88
2 79 -59 -22
11 -15 62 -62
5 16 -83 -59
57 100 -71 -88
56 18 -21 29
11 7 -65 10
30 71 94 56
-92 -36 -44 -61
-48 -93 -83 78
-45 -15 -17 -37
-21 38 80 -11
-82 -65 20 69
30 -20 -63 59
96 31 -6 85
-60 -3 -21 -44
28 78 89 61
-1 -91 54 -66
-23 -87 39 79
-63 -67 17 73
17 -75 -46 6
64 13 -31 79
-31 -54 -59 15
-9 -61 -17 48
69 68 16 19
-71 -24 -90 -45
-91 20 -52 79
-21 -97 -58 -92
97 43 -5 75
2 75 -94 -91
86 42 -33 51
6 75 -56 -80
-46 -16 29 62
-14 -91 -12 -17
91 -98 35 -16
-5 40 -58 -60
1 59 -27 23
-45 -36 61 42
56 -95 -74 -97
-64 -26 -48 10
37 -59 86 39
41 -49 -47 37
-9 99 -11 6
79 -68 29 87
-77 97 -40 82
-46 -44 71 42
-87 78 -25 -25
-10 -51 -82 -47
-72 -23 -59 30
14 89 -22 100
-74 97 -17 -40
-15 -48 -72 -86
83 -86 -2 -79
-20 -70 -12 85
-56 43 45 42
24 -34 6 -86
24 54 16 -52
42 12 -52 -12
44 96 -13 -69
-65 5 -22 -28
17 43 82 21
3 31 -86 -26
98 44 -27 -4
-62 -92 -22 -65
34 -88 -79 4
18 -25 -100 -97
-91 -21 -21 65
-19 -73 -82 40
63 41 -85 85
7 -65 58 65
8 47 46 12
35 19 19 -94
58 -26 11 -14
21 59 -100 -95
38 74 -12 36
-33 73 -90 -25
-62 -11 55 -89
-85 -46 -69 2
-90 66 31 92
78 83 -84 56
4 51 64 -31
46 10 39 47
-13 54 23 25
-40 42 4 -92
-45 91 51 -80
-67 -91 -59 -100
89 -38 -8 -60
-24 64 -71 -6
-7 9 76 55
-87 -44 39 -30
-85 76 -38 -5
-3 6 -30 -7
-94 -94 9 -87
42 42 -66 -57
36 -24 24 48
-62 -78 1 -29
-51 -2 -32 88
9 40 -84 17
-48 93 85 96
-66 -52 74 -2
35 11 54 96
-70 71 1 -23
-98 63 69 -3
-9 -66 -89 26
50 26 42 86
-18 -18 -54 1
19 -23 -77 98
-94 -25 -42 73
71 -71 37 53
17 -81 -54 15
-1 -1 14 -79
-35 64 -99 -2
-40 50 -50 29
23 -12 -3 -5
68 73 97 26
-58 -35 -65 -59
77 30 -26 21
15 -77 -10 41
-44 -94 -20 35
46 -98 -98 -13
-50 74 -92 48
-91 27 51 18
-79 -94 -36 -55
-24 -6 -42 -35
43 -83 -80 39
-40 -43 14 -38
-69 -5 9 89
-79 -41 -48 -72
75 55 -14 34
-10 -54 -13 14
30 -91 -94 62
56 -91 -94 89
-9 70 61 97
-88 -22 70 -47
52 -2 75 17
91 37 90 56
-33 -9 -44 81
-78 -99 -52 46
87 0 -80 18
-1 -90 71 21
-25 53 25 82
-9 41 -36 60
37 28 19 43
-23 -69 -87 53
1 -22 -9 5
97 88 21 -93
-1 62 -88 73
46 52 -63 89
21 -54 -75 60
39 -44 42 -74
66 90 -88 76
85 22 37 -1
94 -3 22 71
-82 81 46 97
-37 -27 10 53
63 64 -57 -42
-77 -88 -20 70
26 61 -80 -20
34 -34 -11 34
-36 2 -67 83
5 -67 26 28
39 40 48 51
62 59 -11 3
60 68 86 40
-71 50 7 13
-57 41 -44 -84
-40 38 82 9
77 -52 75 21
-68 -44 67 10
-77 86 -25 -88
4 -10 -57 -59
-11 -52 70 65
35 -89 -68 -9
75 1 76 80
-5 -82 82 -19
99 6 56 97
-84 54 66 -13
40 -19 -93 -88
-92 -12 -88 61
-55 -25 -30 3
74 11 -30 13
21 -93 -89 12
89 -65 -31 44
13 64 -81 -28
-61 -9 7 -18
72 -84 94 91
38 -78 -23 -63
-66 16 13 99
-44 39 47 9
-20 -37 -94 -65
93 -47 -94 -77
-36 37 -32 -80
-64 -40 91 -84
-73 -13 -99 -4
-62 -100 93 0
-48 5 44 -85
-62 -68 77 60
21 70 64 -100
92 92 -93 -69
36 -84 -81 -29
60 -2 -67 42
92 73 92 -65
-37 -86 -29 -37
-41 -40 -1 33
93 70 63 71
-88 -10 -61 97
71 -100 88 41
97 -19 14 -44
-72 -55 -82 -51
-3 -26 -9 -50
81 -7 43 100
-34 28 72 74
23 -68 52 27
47 -45 24 -60
12 -86 58 69
-56 -74 8 -91
89 -50 8 14
90 59 -89 -29
34 65 -81 -80
56 86 60 -100
-90 -31 -60 9
-35 78 -30 92
35 40 -73 34
-60 -70 -26 59
-64 42 -83 27
56 -33 92 44
-10 26 95 -50
94 28 77 -100
38 47 58 47
91 -71 -59 25
-55 -100 88 5
-26 2 12 -40
90 12 -89 -32
54 -72 11 -66
6 -98 -64 45
91 63 43 47
69 5 -8 -12
31 -31 9 2
-17 -44 -94 48
-2 -92 -77 24
13 8 1 -48
88 68 -83 -1
-57 -40 -83 85
0 -49 -98 -57
13 -49 -65 -100
85 -60 -58 53
-1 66 99 36
-92 77 45 17
-18 -55 -43 31
26 -14 -74 -64
-56 49 42 -21
19 -19 52 40
63 9 23 -89
-64 -40 -8 80
8 4 86 68
91 -77 31 70
-45 57 -99 84
-97 -98 -35 83
-43 -66 -70 -46
61 29 -81 69
-3 -62 5 -3
-47 -48 -75 76
-100 54 -27 72
83 91 98 -4
22 -79 -67 -14
-16 -86 -88 -60
-80 -56 -78 -35
-98 -47 14 4
-91 -22 10 68
-76 -66 -64 14
52 94 -20 43
-63 49 -93 -73
-7 77 94 72
63 84 -79 -98
-40 -16 -53 8
53 8 50 -19
-69 -99 -76 -36
27 100 60 4
-10 9 27 -60
26 -46 -73 -79
-74 -57 -15 -29
6 -59 -96 -66
24 -66 -98 93
44 76 -59 11
-52 -2 -68 -50
-34 -66 96 -30
-84 2 -34 -88
-82 31 14 -29
-13 28 -87 -15
66 50 16 40
15 3 -32 32
-29 -78 -86 86
72 85 74 -46
56 89 23 -11
-98 -53 -25 57
63 -65 -26 -100
-11 65 -45 -86
-94 75 -19 -5
41 -53 74 70
-57 -98 -8 2
-30 93 90 -81
63 51 -64 10
-80 1 -72 -18
-74 -97 88 99
6 -5 65 90
-10 95 35 89
-28 70 -14 -26
76 71 29 7
-65 -3 24 -96
13 11 -76 49
82 -31 26 33
44 -87 92 -85
-9 73 -79 82
-22 14 -86 98
55 47 -21 -21
17 -62 -78 -91
72 31 -36 -43
96 47 26 23
-67 -78 73 13
-32 -5 -100 -71
-35 -2 78 83
57 -93 5 -69
67 -59 -90 8
67 29 -20 -58
-46 -51 -94 -36
-43 34 45 -78
70 -21 44 36
31 61 98 32
94 -12 60 81
94 -84 90 -84
-43 13 -29 -59
49 -24 33 -86
-81 -94 -67 1
18 -47 -41 -42
-11 0 71 -89
9 6 -14 19
-17 -72 68 -24
72 -62 90 14
31 10 -93 0
-63 42 -32 7
58 -27 26 54
-65 -65 -57 4
40 -28 -32 -72
92 -41 -68 -55
74 -52 49 99
46 -62 -8 44
-64 -42 -79 61
-21 -83 83 58
51 -18 88 82
-48 97 -31 53
72 35 -86 -14
6 57 -33 89
49 11 93 -79
59 56 90 94
14 35 -19 33
31 28 -58 -87
-86 15 -29 -48
-47 14 55 65
-35 -27 55 25
87 -60 43 -16
-5 16 -74 64
32 -34 -5 -18
-97 32 -8 -67
-57 89 21 27
82 68 -33 88
8 -74 -91 41
-17 3 -24 -100
64 -84 -23 -38
63 48 6 86
58 -69 -19 87
-16 -86 76 55
95 54 43 71
-34 -75 12 51
100 -20 -17 -66
-16 65 59 68
-60 91 -73 53
-18 48 -49 -65
20 -92 -76 7
-98 -4 20 59
84 3 100 -15
-89 12 -2 -26
6 93 8 -9
4 87 -56 -1
22 -74 79 63
-45 13 90 44
1 78 76 -74
81 -19 -31 28
-10 44 -48 -16
37 22 -86 -51
-54 -49 -32 94
45 -80 -92 97
-83 16 22 -33
-45 98 -85 45
-33 -61 -100 -99
6 64 -71 10
-5 -93 59 -2
-52 -32 -69 33
-85 63 27 -52
-36 -16 -29 95
64 40 27 11
-25 -19 -74 51
-74 -93 11 31
52 22 -52 -70
92 59 -7 -77
-45 21 -90 69
23 54 69 69
-2 29 66 4
4 -68 17 -4
-29 -32 -86 85
18 -78 -41 85
-10 12 -59 -20
-63 75 72 -11
40 91 -57 68
37 -42 16 -92
4 59 -62 -9
90 -54 -12 83
57 13 3 -85
24 -3 64 -7
61 32 99 -89
49 19 58 76
-66 35 86 41
-57 37 79 -69
-40 -63 45 -36
-99 -89 -43 9
52 47 25 53
21 96 86 -27
-82 -68 82 77
44 -54 35 93
-49 -22 -85 81
84 96 -94 77
90 -31 -35 66
5 1 -94 -35
33 -41 42 -73
25 -74 -49 27
-57 60 52 -64
74 84 -71 43
9 -31 100 18
-93 53 -22 -91
79 26 -34 -51
-82 14 -76 -10
59 -70 3 88
26 8 99 -18
64 -57 52 2
45 -92 -10 -59
-56 84 73 -82
34 -66 32 0
-46 -52 7 -68
19 -4 -57 -98
-3 -62 36 85
49 56 -51 0
36 9 -74 -8
83 -11 89 8
38 77 -47 6
-80 -19 0 14
-89 -98 -27 6
-96 -25 -27 15
-77 80 61 73
-70 92 28 88
0 -22 20 77
55 85 58 87
-59 -62 8 99
-100 -62 3 11
51 -21 60 33
-10 -67 -89 53
81 -90 17 -71
-34 37 86 59
38 10 -2 -64
34 31 27 -73
44 57 73 -60
-24 17 77 -40
29 90 16 -54
-48 15 57 -17
29 -4 -42 -14
9 62 85 -56
69 -4 -85 -95
