64 -94 -86 80
58 53 -63 0
74 50 -97 -78
-15 92 -78 19
32 -3 57 -38
-64 -83 -72 15
-12 -71 35 -38
-59 -37 -39 -71
-13 -46 -31 9
2 22 -1 -77
-70 52 -9 -12
87 47 -20 -1
72 6 66 80
34 -88 20 -75
11 -70 -43 46
-98 59 -88 43
-77 74 -41 -96
-70 60 80 86
52 -4 10 -40
71 85 -29 39
90 91 83 -94
83 95 -52 -70
-82 -41 -65 9
41 -1 -94 -80
-13 -86 -1 72
32 50 -23 36
-92 9 44 42
82 24 99 68
39 -75 62 3
35 -68 -54 98
-22 35 38 -31
65 -14 12 -53
24 -75 32 -50
-87 16 -80 -73
68 -39 65 20
-33 51 35 -24
-10 -36 -96 3
-35 89 -93 -26
70 66 32 56
2 -87 -91 -62
-25 16 -35 74
-94 -64 76 45
-18 -40 53 -75
52 -72 44 6
-73 -31 -91 7
-40 17 44 77
17 68 -56 24
-26 65 -2 -100
-2 50 -70 77
96 -12 -8 -13
91 89 85 73
63 -92 -88 -40
-60 -67 14 -26
1 66 -21 33
71 55 -10 -7
-64 -2 7 -13
-76 -78 44 -6
-94 -6 -80 92
-88 27 -84 25
-83 -22 10 -16
-28 32 -64 6
-95 -17 50 35
-50 60 34 -45
63 80 -57 72
18 76 -30 90
30 20 -62 43
50 6 32 -5
-71 -47 8 99
-31 90 -43 -19
-87 27 -74 -25
29 95 43 -95
33 -76 -78 -35
-80 -80 -99 -10
-37 37 25 65
67 -56 45 -98
29 33 -86 -56
-22 -26 85 -94
-37 4 25 32
55 -69 21 58
59 -85 5 5
-10 -74 60 47
27 -12 -5 -46
-53 57 -91 94
-91 -95 -48 7
-66 -15 13 31
-7 62 83 -69
29 16 -3 16
6 27 -31 -95
7 -2 71 -77
-88 89 5 15
14 5 22 62
5 -88 -24 -36
-54 -77 -67 12
-80 43 21 -40
-46 -55 29 99
-8 -73 8 -33
35 55 45 6
-92 -66 53 3
-10 76 -25 -28
-22 5 8 85
